,0
0,37
1,37
2,54
3,37
4,53
5,38
6,37
7,60
8,13
9,62
10,81
11,37
12,12
13,74
14,12
15,27
16,37
17,38
18,37
19,37
20,37
21,37
22,12
23,1
24,73
25,5
26,73
27,95
28,5
29,37
30,37
31,21
32,6
33,62
34,95
35,5
36,12
37,37
38,37
39,37
40,80
41,37
42,74
43,54
44,37
45,37
46,37
47,37
48,13
49,37
50,37
51,35
52,95
53,37
54,37
55,54
56,1
57,54
58,37
59,37
60,1
61,12
62,1
63,13
64,37
65,1
66,1
67,54
68,74
69,93
70,95
71,74
72,37
73,53
74,81
75,74
76,12
77,81
78,37
79,54
80,12
81,1
82,13
83,37
84,12
85,81
86,73
87,37
88,53
89,37
90,74
91,13
92,54
93,1
94,37
95,80
96,37
97,12
98,13
99,12
100,43
101,53
102,37
103,54
104,37
105,12
106,73
107,12
108,37
109,12
110,95
111,73
112,1
113,38
114,37
115,1
116,13
117,1
118,38
119,1
120,53
121,37
122,1
123,7
124,74
125,38
126,13
127,12
128,74
129,74
130,74
131,37
132,38
133,95
134,1
135,38
136,80
137,73
138,73
139,37
140,1
141,12
142,37
143,37
144,54
145,54
146,37
147,12
148,1
149,38
150,12
151,13
152,37
153,1
154,37
155,37
156,37
157,74
158,12
159,37
160,74
161,12
162,37
163,36
164,1
165,95
166,81
167,37
168,21
169,54
170,12
171,37
172,5
173,12
174,12
175,74
176,39
177,1
178,37
179,37
180,95
181,54
182,37
183,54
184,37
185,1
186,74
187,1
188,37
189,37
190,95
191,37
192,54
193,1
194,62
195,71
196,37
197,37
198,74
199,1
200,37
201,54
202,39
203,12
204,37
205,37
206,1
207,81
208,54
209,1
210,12
211,12
212,12
213,53
214,37
215,37
216,72
217,54
218,5
219,82
220,54
221,37
222,1
223,37
224,73
225,1
226,81
227,81
228,74
229,81
230,37
231,12
232,74
233,92
234,37
235,38
236,37
237,92
238,37
239,12
240,38
241,13
242,74
243,82
244,1
245,37
246,27
247,27
248,5
249,54
250,37
251,17
252,73
253,54
254,37
255,37
256,37
257,74
258,93
259,37
260,12
261,37
262,12
263,5
264,81
265,1
266,13
267,1
268,37
269,37
270,81
271,92
272,74
273,81
274,13
275,5
276,12
277,5
278,54
279,1
280,37
281,37
282,74
283,95
284,13
285,6
286,74
287,5
288,37
289,17
290,38
291,54
292,32
293,54
294,81
295,67
296,12
297,12
298,81
299,13
300,5
301,37
302,54
303,54
304,37
305,5
306,37
307,74
308,12
309,37
310,37
311,37
312,74
313,37
314,6
315,13
316,1
317,1
318,37
319,54
320,1
321,81
322,12
323,37
324,37
325,37
326,37
327,90
328,95
329,37
330,54
331,12
332,37
333,37
334,12
335,37
336,13
337,1
338,37
339,54
340,74
341,81
342,37
343,13
344,37
345,13
346,54
347,13
348,1
349,13
350,81
351,37
352,54
353,1
354,6
355,27
356,12
357,37
358,27
359,5
360,12
361,1
362,90
363,92
364,81
365,54
366,12
367,38
368,1
369,37
370,54
371,12
372,37
373,37
374,12
375,81
376,13
377,93
378,54
379,37
380,74
381,6
382,37
383,74
384,1
385,12
386,95
387,13
388,37
389,37
390,37
391,81
392,37
393,54
394,54
395,1
396,37
397,13
398,27
399,1
400,74
401,1
402,93
403,37
404,37
405,74
406,81
407,37
408,13
409,13
410,12
411,37
412,13
413,12
414,12
415,37
416,81
417,37
418,13
419,1
420,6
421,81
422,13
423,12
424,95
425,1
426,74
427,95
428,37
429,1
430,13
431,12
432,81
433,93
434,37
435,1
436,17
437,27
438,81
439,12
440,37
441,37
442,74
443,74
444,27
445,54
446,12
447,74
448,90
449,6
450,37
451,1
452,12
453,72
454,74
455,17
456,37
457,81
458,54
459,81
460,37
461,38
462,13
463,74
464,1
465,20
466,74
467,1
468,32
469,24
470,12
471,37
472,37
473,37
474,37
475,81
476,37
477,13
478,21
479,12
480,95
481,12
482,12
483,51
484,73
485,74
486,54
487,90
488,27
489,13
490,37
491,37
492,95
493,17
494,37
495,37
496,13
497,12
498,73
499,54
500,37
501,37
502,73
503,79
504,95
505,92
506,1
507,37
508,1
509,1
510,12
511,74
512,74
513,1
514,95
515,1
516,74
517,74
518,38
519,37
520,81
521,17
522,37
523,37
524,37
525,12
526,23
527,54
528,81
529,37
530,74
531,1
532,12
533,37
534,54
535,37
536,81
537,21
538,37
539,12
540,13
541,37
542,37
543,12
544,37
545,90
546,54
547,95
548,74
549,1
550,12
551,17
552,1
553,17
554,54
555,37
556,81
557,13
558,93
559,37
560,5
561,37
562,72
563,12
564,1
565,81
566,6
567,37
568,38
569,5
570,37
571,1
572,38
573,12
574,37
575,81
576,95
577,37
578,13
579,37
580,1
581,13
582,20
583,5
584,81
585,12
586,37
587,37
588,13
589,37
590,54
591,95
592,13
593,1
594,14
595,38
596,74
597,12
598,37
599,17
600,90
601,74
602,81
603,27
604,1
605,1
606,37
607,37
608,1
609,37
610,37
611,54
612,13
613,95
614,1
615,1
616,74
617,37
618,37
619,37
620,12
621,5
622,74
623,12
624,1
625,37
626,81
627,1
628,12
629,37
630,38
631,37
632,12
633,37
634,27
635,37
636,38
637,95
638,81
639,12
640,3
641,12
642,37
643,37
644,81
645,37
646,37
647,1
648,12
649,74
650,1
651,1
652,37
653,1
654,12
655,12
656,1
657,95
658,54
659,1
660,1
661,13
662,13
663,1
664,54
665,37
666,37
667,1
668,18
669,95
670,54
671,95
672,54
673,1
674,13
675,1
676,12
677,37
678,6
679,37
680,5
681,66
682,38
683,12
684,37
685,95
686,12
687,73
688,13
689,37
690,95
691,54
692,37
693,12
694,1
695,81
696,74
697,37
698,13
699,12
700,37
701,37
702,40
703,37
704,54
705,37
706,54
707,81
708,54
709,12
710,54
711,12
712,37
713,87
714,1
715,12
716,21
717,37
718,12
719,67
720,74
721,54
722,1
723,37
724,13
725,37
726,44
727,37
728,95
729,37
730,74
731,1
732,23
733,73
734,37
735,37
736,54
737,74
738,81
739,81
740,37
741,1
742,44
743,38
744,1
745,37
746,13
747,37
748,54
749,95
750,74
751,81
752,37
753,37
754,74
755,82
756,1
757,37
758,6
759,44
760,1
761,1
762,74
763,37
764,74
765,18
766,72
767,74
768,12
769,5
770,37
771,37
772,37
773,37
774,74
775,81
776,37
777,81
778,1
779,37
780,81
781,81
782,54
783,37
784,1
785,37
786,54
787,37
788,37
789,1
790,12
791,37
792,38
793,13
794,74
795,81
796,37
797,74
798,37
799,1
800,12
801,54
802,37
803,1
804,54
805,12
806,12
807,1
808,81
809,95
810,19
811,1
812,14
813,12
814,54
815,38
816,95
817,95
818,81
819,74
820,54
821,37
822,37
823,37
824,38
825,6
826,37
827,81
828,1
829,12
830,95
831,64
832,74
833,37
834,73
835,81
836,5
837,95
838,12
839,38
840,12
841,37
842,81
843,38
844,54
845,73
846,12
847,18
848,73
849,5
850,12
851,12
852,38
853,37
854,54
855,37
856,37
857,27
858,12
859,37
860,54
861,1
862,74
863,21
864,54
865,12
866,1
867,74
868,38
869,54
870,54
871,54
872,1
873,37
874,37
875,12
876,6
877,38
878,37
879,37
880,37
881,37
882,37
883,74
884,54
885,81
886,37
887,43
888,1
889,74
890,74
891,37
892,37
893,95
894,38
895,37
896,37
897,95
898,1
899,1
900,12
901,37
902,54
903,13
904,37
905,1
906,81
907,37
908,5
909,73
910,1
911,12
912,81
913,12
914,13
915,37
916,12
917,37
918,12
919,54
920,37
921,37
922,38
923,38
924,93
925,5
926,37
927,74
928,37
929,37
930,64
931,37
932,12
933,37
934,93
935,88
936,81
937,37
938,37
939,12
940,54
941,37
942,81
943,37
944,25
945,1
946,1
947,81
948,37
949,1
950,37
951,81
952,37
953,74
954,95
955,81
956,37
957,38
958,1
959,1
960,37
961,21
962,44
963,37
964,81
965,74
966,54
967,37
968,12
969,81
970,73
971,95
972,6
973,12
974,73
975,12
976,37
977,81
978,1
979,81
980,54
981,1
982,1
983,37
984,37
985,18
986,37
987,18
988,54
989,12
990,12
991,37
992,12
993,74
994,37
995,54
996,37
997,37
998,38
999,44
1000,1
1001,81
1002,37
1003,74
1004,12
1005,12
1006,37
1007,37
1008,37
1009,81
1010,37
1011,12
1012,12
1013,12
1014,1
1015,37
1016,54
1017,37
1018,37
1019,37
1020,12
1021,29
1022,12
1023,12
1024,54
1025,87
1026,38
1027,95
1028,54
1029,1
1030,12
1031,74
1032,38
1033,95
1034,37
1035,12
1036,37
1037,46
1038,37
1039,38
1040,95
1041,1
1042,37
1043,12
1044,5
1045,74
1046,37
1047,37
1048,95
1049,54
1050,54
1051,37
1052,37
1053,27
1054,31
1055,54
1056,27
1057,12
1058,74
1059,18
1060,81
1061,37
1062,37
1063,1
1064,12
1065,47
1066,1
1067,27
1068,37
1069,26
1070,37
1071,1
1072,37
1073,5
1074,54
1075,95
1076,74
1077,18
1078,1
1079,12
1080,95
1081,37
1082,18
1083,37
1084,1
1085,12
1086,54
1087,1
1088,54
1089,12
1090,18
1091,81
1092,1
1093,12
1094,37
1095,74
1096,12
1097,37
1098,37
1099,13
1100,12
1101,37
1102,12
1103,40
1104,12
1105,37
1106,37
1107,54
1108,81
1109,1
1110,37
1111,54
1112,1
1113,37
1114,38
1115,12
1116,37
1117,37
1118,37
1119,37
1120,38
1121,1
1122,95
1123,5
1124,37
1125,37
1126,12
1127,73
1128,4
1129,1
1130,93
1131,12
1132,12
1133,37
1134,37
1135,54
1136,54
1137,37
1138,37
1139,37
1140,81
1141,37
1142,37
1143,88
1144,37
1145,12
1146,38
1147,37
1148,13
1149,81
1150,1
1151,38
1152,1
1153,54
1154,37
1155,37
1156,54
1157,54
1158,38
1159,37
1160,81
1161,74
1162,37
1163,12
1164,37
1165,54
1166,12
1167,37
1168,74
1169,43
1170,37
1171,37
1172,54
1173,54
1174,81
1175,1
1176,18
1177,1
1178,12
1179,18
1180,12
1181,74
1182,54
1183,37
1184,12
1185,12
1186,38
1187,1
1188,37
1189,1
1190,13
1191,95
1192,37
1193,12
1194,54
1195,74
1196,37
1197,81
1198,12
1199,1
1200,37
1201,95
1202,1
1203,12
1204,38
1205,1
1206,38
1207,1
1208,37
1209,1
1210,37
1211,37
1212,93
1213,37
1214,44
1215,37
1216,38
1217,44
1218,73
1219,27
1220,18
1221,6
1222,37
1223,1
1224,54
1225,1
1226,37
1227,37
1228,1
1229,81
1230,74
1231,38
1232,74
1233,1
1234,12
1235,37
1236,88
1237,37
1238,37
1239,37
1240,81
1241,81
1242,37
1243,12
1244,81
1245,5
1246,81
1247,54
1248,37
1249,12
1250,37
1251,37
1252,1
1253,38
1254,1
1255,18
1256,21
1257,95
1258,5
1259,74
1260,81
1261,95
1262,54
1263,37
1264,81
1265,37
1266,21
1267,74
1268,95
1269,37
1270,38
1271,12
1272,38
1273,37
1274,74
1275,18
1276,37
1277,73
1278,37
1279,54
1280,12
1281,74
1282,12
1283,37
1284,38
1285,37
1286,37
1287,1
1288,37
1289,81
1290,13
1291,1
1292,37
1293,13
1294,12
1295,54
1296,37
1297,1
1298,12
1299,37
1300,1
1301,12
1302,37
1303,37
1304,81
1305,37
1306,12
1307,81
1308,1
1309,81
1310,95
1311,44
1312,37
1313,72
1314,37
1315,37
1316,37
1317,37
1318,95
1319,1
1320,37
1321,38
1322,12
1323,81
1324,95
1325,54
1326,81
1327,37
1328,12
1329,37
1330,74
1331,37
1332,1
1333,1
1334,69
1335,54
1336,37
1337,73
1338,12
1339,81
1340,12
1341,12
1342,37
1343,95
1344,12
1345,1
1346,18
1347,37
1348,37
1349,38
1350,37
1351,95
1352,1
1353,81
1354,37
1355,12
1356,37
1357,74
1358,18
1359,12
1360,54
1361,37
1362,12
1363,37
1364,37
1365,81
1366,44
1367,26
1368,30
1369,1
1370,37
1371,95
1372,74
1373,1
1374,54
1375,1
1376,37
1377,37
1378,95
1379,1
1380,1
1381,38
1382,37
1383,1
1384,12
1385,95
1386,1
1387,37
1388,12
1389,1
1390,37
1391,74
1392,54
1393,64
1394,81
1395,1
1396,27
1397,12
1398,12
1399,74
1400,54
1401,12
1402,12
1403,37
1404,37
1405,5
1406,12
1407,12
1408,38
1409,95
1410,77
1411,12
1412,12
1413,54
1414,1
1415,82
1416,37
1417,37
1418,77
1419,74
1420,38
1421,12
1422,37
1423,1
1424,46
1425,38
1426,12
1427,12
1428,1
1429,81
1430,37
1431,5
1432,13
1433,38
1434,81
1435,12
1436,37
1437,54
1438,38
1439,37
1440,12
1441,38
1442,74
1443,12
1444,1
1445,12
1446,37
1447,37
1448,1
1449,12
1450,13
1451,12
1452,37
1453,12
1454,37
1455,54
1456,1
1457,81
1458,1
1459,37
1460,12
1461,74
1462,54
1463,95
1464,1
1465,12
1466,37
1467,12
1468,38
1469,38
1470,54
1471,12
1472,85
1473,12
1474,12
1475,37
1476,74
1477,37
1478,1
1479,1
1480,1
1481,1
1482,1
1483,95
1484,81
1485,1
1486,37
1487,54
1488,13
1489,54
1490,13
1491,81
1492,12
1493,12
1494,38
1495,54
1496,12
1497,54
1498,38
1499,54
1500,37
1501,37
1502,91
1503,37
1504,54
1505,12
1506,54
1507,12
1508,12
1509,1
1510,38
1511,1
1512,93
1513,81
1514,54
1515,54
1516,1
1517,6
1518,95
1519,12
1520,37
1521,12
1522,12
1523,12
1524,54
1525,37
1526,12
1527,12
1528,54
1529,12
1530,37
1531,54
1532,54
1533,1
1534,81
1535,12
1536,1
1537,12
1538,1
1539,81
1540,95
1541,37
1542,37
1543,1
1544,22
1545,54
1546,38
1547,74
1548,1
1549,12
1550,12
1551,54
1552,81
1553,12
1554,38
1555,54
1556,12
1557,1
1558,37
1559,12
1560,38
1561,12
1562,37
1563,74
1564,37
1565,74
1566,37
1567,37
1568,12
1569,1
1570,12
1571,38
1572,12
1573,38
1574,81
1575,12
1576,1
1577,37
1578,54
1579,37
1580,12
1581,12
1582,38
1583,37
1584,37
1585,1
1586,38
1587,54
1588,37
1589,81
1590,1
1591,37
1592,12
1593,37
1594,12
1595,37
1596,12
1597,37
1598,54
1599,74
1600,1
1601,12
1602,54
1603,37
1604,12
1605,12
1606,54
1607,12
1608,74
1609,37
1610,81
1611,12
1612,37
1613,37
1614,1
1615,12
1616,81
1617,5
1618,54
1619,37
1620,81
1621,37
1622,37
1623,37
1624,13
1625,95
1626,81
1627,12
1628,13
1629,21
1630,12
1631,12
1632,95
1633,37
1634,1
1635,54
1636,37
1637,95
1638,12
1639,1
1640,12
1641,37
1642,1
1643,37
1644,1
1645,81
1646,37
1647,72
1648,37
1649,1
1650,12
1651,12
1652,37
1653,12
1654,12
1655,1
1656,38
1657,12
1658,37
1659,12
1660,54
1661,1
1662,12
1663,13
1664,12
1665,81
1666,12
1667,38
1668,1
1669,21
1670,37
1671,37
1672,12
1673,81
1674,81
1675,1
1676,37
1677,95
1678,81
1679,38
1680,13
1681,1
1682,95
1683,12
1684,37
1685,1
1686,81
1687,74
1688,81
1689,12
1690,37
1691,37
1692,74
1693,54
1694,37
1695,54
1696,38
1697,1
1698,1
1699,12
1700,54
1701,59
1702,12
1703,12
1704,12
1705,38
1706,95
1707,37
1708,74
1709,81
1710,37
1711,95
1712,37
1713,38
1714,13
1715,1
1716,81
1717,95
1718,12
1719,37
1720,37
1721,37
1722,12
1723,81
1724,95
1725,1
1726,95
1727,12
1728,37
1729,37
1730,15
1731,12
1732,37
1733,38
1734,37
1735,37
1736,74
1737,37
1738,54
1739,37
1740,37
1741,12
1742,38
1743,74
1744,5
1745,12
1746,95
1747,12
1748,1
1749,37
1750,12
1751,37
1752,1
1753,12
1754,38
1755,37
1756,54
1757,12
1758,37
1759,37
1760,12
1761,81
1762,37
1763,74
1764,37
1765,12
1766,12
1767,37
1768,38
1769,1
1770,12
1771,1
1772,1
1773,37
1774,37
1775,2
1776,1
1777,74
1778,12
1779,37
1780,38
1781,37
1782,1
1783,95
1784,81
1785,38
1786,38
1787,37
1788,37
1789,12
1790,37
1791,38
1792,12
1793,37
1794,12
1795,12
1796,38
1797,54
1798,74
1799,1
1800,12
1801,54
1802,12
1803,37
1804,37
1805,12
1806,37
1807,12
1808,95
1809,12
1810,37
1811,81
1812,74
1813,5
1814,74
1815,54
1816,12
1817,37
1818,37
1819,1
1820,37
1821,37
1822,54
1823,37
1824,37
1825,13
1826,1
1827,37
1828,37
1829,37
1830,38
1831,37
1832,81
1833,81
1834,37
1835,12
1836,95
1837,1
1838,54
1839,38
1840,12
1841,54
1842,1
1843,12
1844,1
1845,37
1846,37
1847,1
1848,12
1849,12
1850,95
1851,12
1852,37
1853,54
1854,73
1855,81
1856,12
1857,12
1858,37
1859,38
1860,12
1861,54
1862,37
1863,81
1864,37
1865,54
1866,37
1867,37
1868,95
1869,12
1870,13
1871,5
1872,1
1873,12
1874,81
1875,1
1876,1
1877,42
1878,74
1879,38
1880,72
1881,81
1882,1
1883,37
1884,5
1885,81
1886,37
1887,37
1888,81
1889,13
1890,37
1891,12
1892,1
1893,74
1894,13
1895,37
1896,12
1897,1
1898,1
1899,37
1900,17
1901,54
1902,1
1903,37
1904,1
1905,81
1906,54
1907,37
1908,1
1909,54
1910,74
1911,1
1912,54
1913,37
1914,12
1915,37
1916,37
1917,74
1918,12
1919,1
1920,13
1921,72
1922,94
1923,37
1924,38
1925,1
1926,37
1927,13
1928,37
1929,37
1930,1
1931,5
1932,37
1933,1
1934,1
1935,44
1936,1
1937,13
1938,54
1939,37
1940,37
1941,54
1942,1
1943,37
1944,39
1945,13
1946,37
1947,1
1948,37
1949,21
1950,72
1951,54
1952,72
1953,13
1954,54
1955,12
1956,38
1957,73
1958,37
1959,54
1960,83
1961,74
1962,54
1963,37
1964,73
1965,72
1966,37
1967,81
1968,13
1969,13
1970,74
1971,13
1972,37
1973,1
1974,72
1975,13
1976,54
1977,37
1978,1
1979,54
1980,12
1981,72
1982,95
1983,5
1984,5
1985,72
1986,13
1987,37
1988,12
1989,12
1990,54
1991,1
1992,38
1993,48
1994,1
1995,81
1996,1
1997,13
1998,37
1999,37
2000,72
2001,5
2002,37
2003,12
2004,38
2005,1
2006,81
2007,61
2008,37
2009,12
2010,37
2011,43
2012,37
2013,74
2014,1
2015,37
2016,72
2017,95
2018,12
2019,12
2020,1
2021,37
2022,37
2023,1
2024,37
2025,37
2026,12
2027,74
2028,12
2029,1
2030,5
2031,37
2032,12
2033,75
2034,12
2035,74
2036,95
2037,1
2038,12
2039,74
2040,12
2041,70
2042,37
2043,37
2044,38
2045,37
2046,38
2047,81
2048,72
2049,37
2050,73
2051,1
2052,21
2053,1
2054,12
2055,81
2056,1
2057,1
2058,38
2059,37
2060,37
2061,13
2062,57
2063,37
2064,54
2065,13
2066,54
2067,37
2068,38
2069,1
2070,12
2071,37
2072,13
2073,37
2074,37
2075,37
2076,37
2077,12
2078,12
2079,54
2080,27
2081,12
2082,37
2083,45
2084,37
2085,38
2086,12
2087,37
2088,74
2089,37
2090,1
2091,54
2092,37
2093,12
2094,12
2095,12
2096,1
2097,12
2098,12
2099,38
2100,37
2101,1
2102,54
2103,11
2104,37
2105,37
2106,12
2107,95
2108,54
2109,95
2110,5
2111,12
2112,95
2113,1
2114,74
2115,12
2116,6
2117,38
2118,12
2119,37
2120,12
2121,12
2122,12
2123,37
2124,54
2125,12
2126,12
2127,37
2128,1
2129,74
2130,54
2131,12
2132,1
2133,74
2134,1
2135,78
2136,54
2137,12
2138,54
2139,12
2140,54
2141,74
2142,43
2143,95
2144,9
2145,5
2146,54
2147,38
2148,37
2149,37
2150,12
2151,6
2152,37
2153,1
2154,41
2155,37
2156,74
2157,70
2158,12
2159,81
2160,37
2161,37
2162,37
2163,74
2164,74
2165,37
2166,1
2167,81
2168,37
2169,5
2170,81
2171,5
2172,1
2173,38
2174,37
2175,37
2176,54
2177,13
2178,37
2179,81
2180,50
2181,81
2182,37
2183,37
2184,1
2185,12
2186,72
2187,37
2188,38
2189,37
2190,74
2191,12
2192,1
2193,95
2194,37
2195,12
2196,37
2197,81
2198,74
2199,12
2200,78
2201,13
2202,54
2203,37
2204,5
2205,74
2206,1
2207,5
2208,38
2209,13
2210,37
2211,37
2212,81
2213,37
2214,1
2215,12
2216,12
2217,38
2218,37
2219,70
2220,37
2221,1
2222,37
2223,37
2224,1
2225,37
2226,38
2227,95
2228,95
2229,12
2230,82
2231,37
2232,5
2233,12
2234,5
2235,12
2236,37
2237,12
2238,74
2239,37
2240,74
2241,74
2242,1
2243,37
2244,37
2245,12
2246,37
2247,38
2248,54
2249,1
2250,54
2251,73
2252,73
2253,54
2254,38
2255,13
2256,54
2257,13
2258,37
2259,95
2260,37
2261,12
2262,37
2263,37
2264,37
2265,1
2266,68
2267,37
2268,12
2269,74
2270,37
2271,1
2272,1
2273,12
2274,81
2275,37
2276,1
2277,1
2278,37
2279,37
2280,37
2281,1
2282,38
2283,12
2284,37
2285,13
2286,37
2287,38
2288,5
2289,13
2290,54
2291,37
2292,41
2293,21
2294,54
2295,1
2296,12
2297,49
2298,37
2299,54
2300,12
2301,37
2302,37
2303,74
2304,37
2305,27
2306,37
2307,12
2308,81
2309,1
2310,28
2311,12
2312,5
2313,12
2314,37
2315,12
2316,37
2317,37
2318,5
2319,5
2320,38
2321,37
2322,54
2323,37
2324,97
2325,37
2326,37
2327,37
2328,74
2329,1
2330,12
2331,12
2332,37
2333,54
2334,1
2335,37
2336,37
2337,37
2338,37
2339,37
2340,12
2341,12
2342,81
2343,12
2344,1
2345,37
2346,73
2347,38
2348,74
2349,27
2350,95
2351,81
2352,12
2353,37
2354,37
2355,12
2356,12
2357,12
2358,37
2359,12
2360,1
2361,37
2362,54
2363,12
2364,12
2365,1
2366,12
2367,37
2368,55
2369,96
2370,12
2371,37
2372,37
2373,37
2374,37
2375,38
2376,1
2377,12
2378,37
2379,12
2380,54
2381,38
2382,1
2383,54
2384,1
2385,81
2386,12
2387,95
2388,37
2389,37
2390,38
2391,21
2392,21
2393,95
2394,84
2395,37
2396,37
2397,37
2398,13
2399,12
2400,12
2401,1
2402,75
2403,37
2404,95
2405,81
2406,27
2407,12
2408,37
2409,37
2410,1
2411,12
2412,37
2413,21
2414,37
2415,5
2416,37
2417,12
2418,54
2419,1
2420,54
2421,37
2422,1
2423,5
2424,37
2425,37
2426,37
2427,37
2428,47
2429,38
2430,1
2431,37
2432,1
2433,6
2434,37
2435,81
2436,37
2437,12
2438,95
2439,1
2440,37
2441,12
2442,37
2443,81
2444,1
2445,12
2446,12
2447,95
2448,37
2449,54
2450,12
2451,1
2452,1
2453,81
2454,12
2455,37
2456,37
2457,12
2458,54
2459,37
2460,37
2461,12
2462,74
2463,1
2464,37
2465,37
2466,12
2467,1
2468,1
2469,54
2470,12
2471,37
2472,74
2473,1
2474,23
2475,63
2476,74
2477,12
2478,37
2479,5
2480,37
2481,74
2482,1
2483,37
2484,12
2485,74
2486,81
2487,37
2488,1
2489,54
2490,37
2491,12
2492,54
2493,37
2494,37
2495,37
2496,37
2497,13
2498,37
2499,54
2500,1
2501,43
2502,1
2503,12
2504,74
2505,70
2506,1
2507,37
2508,37
2509,12
2510,37
2511,37
2512,1
2513,54
2514,37
2515,37
2516,37
2517,95
2518,74
2519,37
2520,12
2521,1
2522,12
2523,1
2524,81
2525,81
2526,74
2527,12
2528,37
2529,37
2530,37
2531,12
2532,12
2533,37
2534,12
2535,95
2536,1
2537,37
2538,95
2539,38
2540,81
2541,95
2542,95
2543,73
2544,12
2545,81
2546,95
2547,12
2548,37
2549,37
2550,1
2551,37
2552,1
2553,37
2554,12
2555,26
2556,21
2557,12
2558,37
2559,54
2560,38
2561,13
2562,5
2563,37
2564,95
2565,1
2566,12
2567,12
2568,1
2569,81
2570,54
2571,54
2572,1
2573,37
2574,12
2575,73
2576,1
2577,1
2578,54
2579,73
2580,12
2581,12
2582,12
2583,37
2584,41
2585,73
2586,1
2587,81
2588,13
2589,37
2590,1
2591,37
2592,38
2593,37
2594,1
2595,66
2596,37
2597,74
2598,95
2599,1
2600,29
2601,37
2602,54
2603,1
2604,12
2605,37
2606,12
2607,37
2608,12
2609,12
2610,1
2611,26
2612,12
2613,5
2614,37
2615,81
2616,41
2617,37
2618,1
2619,37
2620,13
2621,73
2622,38
2623,54
2624,12
2625,74
2626,5
2627,13
2628,37
2629,1
2630,13
2631,37
2632,13
2633,54
2634,95
2635,37
2636,37
2637,95
2638,81
2639,13
2640,37
2641,26
2642,37
2643,37
2644,5
2645,37
2646,13
2647,95
2648,81
2649,41
2650,37
2651,12
2652,1
2653,1
2654,54
2655,81
2656,1
2657,38
2658,26
2659,73
2660,95
2661,95
2662,95
2663,1
2664,38
2665,95
2666,12
2667,38
2668,81
2669,12
2670,1
2671,81
2672,37
2673,37
2674,81
2675,12
2676,54
2677,37
2678,54
2679,5
2680,12
2681,74
2682,74
2683,38
2684,1
2685,12
2686,37
2687,5
2688,12
2689,37
2690,37
2691,81
2692,12
2693,37
2694,12
2695,43
2696,37
2697,95
2698,54
2699,37
2700,1
2701,12
2702,12
2703,81
2704,37
2705,1
2706,38
2707,12
2708,74
2709,89
2710,37
2711,54
2712,37
2713,37
2714,95
2715,12
2716,12
2717,12
2718,74
2719,37
2720,56
2721,1
2722,13
2723,12
2724,5
2725,12
2726,5
2727,81
2728,12
2729,12
2730,12
2731,12
2732,12
2733,12
2734,73
2735,12
2736,81
2737,37
2738,12
2739,1
2740,54
2741,1
2742,82
2743,12
2744,12
2745,37
2746,37
2747,37
2748,74
2749,12
2750,1
2751,54
2752,73
2753,37
2754,73
2755,54
2756,81
2757,37
2758,1
2759,54
2760,54
2761,81
2762,38
2763,54
2764,93
2765,12
2766,82
2767,37
2768,81
2769,95
2770,17
2771,54
2772,0
2773,1
2774,37
2775,12
2776,82
2777,29
2778,12
2779,54
2780,1
2781,54
2782,12
2783,12
2784,95
2785,34
2786,37
2787,1
2788,12
2789,74
2790,81
2791,12
2792,86
2793,73
2794,12
2795,37
2796,37
2797,12
2798,37
2799,13
2800,1
2801,12
2802,26
2803,1
2804,37
2805,52
2806,54
2807,38
2808,95
2809,12
2810,37
2811,95
2812,95
2813,12
2814,26
2815,26
2816,74
2817,1
2818,37
2819,54
2820,12
2821,44
2822,81
2823,12
2824,81
2825,12
2826,12
2827,1
2828,73
2829,12
2830,12
2831,95
2832,1
2833,37
2834,74
2835,37
2836,95
2837,73
2838,6
2839,37
2840,12
2841,12
2842,38
2843,82
2844,1
2845,37
2846,95
2847,12
2848,98
2849,37
2850,37
2851,37
2852,95
2853,1
2854,12
2855,12
2856,12
2857,12
2858,1
2859,37
2860,1
2861,37
2862,37
2863,12
2864,74
2865,41
2866,81
2867,1
2868,13
2869,12
2870,37
2871,54
2872,41
2873,12
2874,12
2875,1
2876,5
2877,12
2878,54
2879,37
2880,37
2881,1
2882,37
2883,13
2884,1
2885,81
2886,37
2887,12
2888,1
2889,41
2890,37
2891,37
2892,95
2893,73
2894,81
2895,37
2896,95
2897,74
2898,37
2899,37
2900,12
2901,37
2902,1
2903,38
2904,74
2905,1
2906,38
2907,12
2908,81
2909,12
2910,37
2911,95
2912,1
2913,37
2914,1
2915,54
2916,26
2917,37
2918,74
2919,74
2920,12
2921,1
2922,1
2923,12
2924,13
2925,1
2926,37
2927,12
2928,37
2929,54
2930,1
2931,37
2932,37
2933,54
2934,37
2935,37
2936,1
2937,26
2938,1
2939,54
2940,12
2941,12
2942,38
2943,1
2944,16
2945,37
2946,44
2947,12
2948,5
2949,37
2950,1
2951,95
2952,26
2953,12
2954,12
2955,43
2956,54
2957,95
2958,54
2959,12
2960,37
2961,13
2962,12
2963,37
2964,37
2965,37
2966,13
2967,54
2968,37
2969,12
2970,12
2971,26
2972,37
2973,12
2974,81
2975,12
2976,12
2977,54
2978,95
2979,37
2980,1
2981,0
2982,54
2983,12
2984,1
2985,12
2986,12
2987,1
2988,82
2989,1
2990,74
2991,37
2992,12
2993,37
2994,1
2995,37
2996,37
2997,38
2998,54
2999,1
3000,12
3001,37
3002,37
3003,54
3004,37
3005,74
3006,12
3007,95
3008,21
3009,43
3010,37
3011,73
3012,1
3013,37
3014,74
3015,99
3016,5
3017,12
3018,37
3019,95
3020,1
3021,12
3022,1
3023,37
3024,81
3025,37
3026,13
3027,26
3028,12
3029,12
3030,37
3031,1
3032,38
3033,12
3034,37
3035,12
3036,1
3037,12
3038,12
3039,5
3040,12
3041,12
3042,12
3043,95
3044,12
3045,37
3046,76
3047,37
3048,12
